252852120.000000000000000          0.025         -0.029          0.013              0
252852240.000000000000000          0.007          0.007          0.022              0
252852360.000000000000000          0.010          0.000          0.020              0
252852480.000000000000000          0.017         -0.010          0.016              0
252852600.000000000000000          0.013         -0.006          0.019              0
252852720.000000000000000          0.011         -0.004          0.022              0
252852840.000000000000000          0.019         -0.007          0.025              0
252852960.000000000000000          0.007         -0.009          0.024              0
252853130.000000000000000         -0.000          0.021          0.002              0
252853250.000000000000000          0.029         -0.037          0.055              0
252853370.000000000000000          0.012          0.002          0.020              0
252853490.000000000000000         -0.006          0.008          0.012              0
252853610.000000000000000          0.004          0.014          0.008              0
252853730.000000000000000         -0.006          0.007          0.009              0
252853850.000000000000000         -0.003          0.001          0.019              0
252853970.000000000000000         -0.004          0.002          0.031              0
252854090.000000000000000         -0.004          0.005          0.018              0
252854210.000000000000000         -0.012          0.005          0.021              0
252854330.000000000000000         -0.005          0.002          0.021              0
252854450.000000000000000         -0.005          0.006          0.040              0
252854570.000000000000000          0.000         -0.009          0.004              0
252854690.000000000000000         -0.007          0.002          0.035              0
252854810.000000000000000         -0.005         -0.003          0.008              0
252854930.000000000000000          0.002         -0.005          0.028              0
252855050.000000000000000         -0.004         -0.015          0.010              0
252855170.000000000000000          0.004         -0.009          0.010              0
252855290.000000000000000         -0.020         -0.003          0.013              0
252855410.000000000000000         -0.000         -0.016          0.009              0
252855530.000000000000000         -0.020         -0.010          0.010              0
252855650.000000000000000         -0.020          0.002          0.012              0
252855770.000000000000000         -0.006         -0.002          0.011              0
252855890.000000000000000         -0.014          0.005          0.001              0
252856010.000000000000000         -0.013         -0.001          0.004              0
252856130.000000000000000         -0.009         -0.002          0.001              0
252856250.000000000000000         -0.005          0.014         -0.011              0
252856370.000000000000000         -0.005          0.004          0.005              0
252856490.000000000000000          0.000          0.000         -0.003              0
252856610.000000000000000         -0.011          0.000         -0.013              0
252856730.000000000000000         -0.005          0.002          0.008              0
252856850.000000000000000         -0.008         -0.000         -0.001              0
252856970.000000000000000         -0.011          0.001         -0.011              0
252857090.000000000000000         -0.012         -0.001         -0.014              0
252857210.000000000000000         -0.008         -0.001         -0.017              0
252857330.000000000000000         -0.012         -0.002          0.026              0
252857450.000000000000000         -0.011          0.007          0.013              0
252857570.000000000000000         -0.009          0.013          0.031              0
252857690.000000000000000         -0.009         -0.000          0.026              0
252857810.000000000000000         -0.012          0.021          0.032              0
252857930.000000000000000         -0.004          0.010          0.014              0
252858050.000000000000000          0.004          0.012          0.001              0
252858170.000000000000000          0.001          0.006          0.016              0
252858290.000000000000000         -0.002         -0.000          0.018              0
252858410.000000000000000         -0.007          0.004          0.018              0
252858530.000000000000000         -0.008         -0.001          0.024              0
252858650.000000000000000         -0.013          0.014          0.014              0
252858770.000000000000000         -0.018          0.015          0.018              0
252858890.000000000000000         -0.003         -0.002          0.017              0
252859010.000000000000000         -0.000         -0.005          0.036              0
252859130.000000000000000         -0.018          0.040          0.028              0
252859250.000000000000000         -0.003         -0.014          0.024              0
252859370.000000000000000         -0.009         -0.002          0.018              0
252859490.000000000000000         -0.007         -0.004          0.031              0
252859610.000000000000000         -0.009          0.001         -0.007              0
252859730.000000000000000         -0.011          0.001          0.021              0
252859850.000000000000000         -0.004         -0.001          0.026              0
252859970.000000000000000         -0.006          0.008          0.026              0
252860090.000000000000000         -0.009         -0.005          0.021              0
252860210.000000000000000         -0.005         -0.003          0.041              0
252860330.000000000000000         -0.011         -0.010          0.023              0
252860450.000000000000000         -0.014          0.004          0.021              0
252860570.000000000000000         -0.017          0.009          0.026              0
252860690.000000000000000         -0.024          0.020          0.031              0
252860810.000000000000000         -0.015         -0.000          0.019              0
252860930.000000000000000         -0.015          0.019          0.022              0
252861050.000000000000000         -0.012          0.001          0.022              0
252861170.000000000000000         -0.010         -0.009          0.022              0
252861290.000000000000000         -0.007          0.011          0.021              0
252861410.000000000000000         -0.009          0.010          0.017              0
252861530.000000000000000         -0.005          0.007          0.030              0
252861650.000000000000000         -0.006          0.014          0.020              0
252861770.000000000000000         -0.006          0.012          0.022              0
252861890.000000000000000         -0.003          0.009          0.012              0
252862010.000000000000000         -0.005          0.002          0.030              0
252862130.000000000000000          0.005         -0.001          0.026              0
252862250.000000000000000          0.001         -0.001          0.014              0
252862370.000000000000000          0.008         -0.006          0.014              0
252862490.000000000000000          0.001         -0.005          0.035              0
252862610.000000000000000          0.003         -0.006          0.020              0
252862730.000000000000000          0.004         -0.004          0.027              0
252862850.000000000000000          0.004         -0.002          0.025              0
252862970.000000000000000         -0.001         -0.008          0.026              0
252863090.000000000000000          0.007         -0.003          0.038              0
252863210.000000000000000          0.002         -0.006          0.038              0
252863330.000000000000000          0.005         -0.024          0.033              0
252863450.000000000000000          0.012         -0.008          0.039              0
252863570.000000000000000          0.007         -0.014          0.028              0
252863690.000000000000000          0.010         -0.018          0.033              0
252863810.000000000000000          0.007         -0.011          0.025              0
252863930.000000000000000          0.009          0.002          0.044              0
252864050.000000000000000          0.009         -0.001          0.038              0
252864170.000000000000000          0.012          0.002          0.042              0
252864290.000000000000000          0.004          0.027          0.023              0
252864410.000000000000000          0.001          0.017          0.024              0
252864530.000000000000000          0.011         -0.007          0.043              0
252864650.000000000000000          0.010          0.011          0.032              0
252864770.000000000000000          0.004          0.005          0.031              0
252864890.000000000000000          0.009          0.003          0.029              0
252865010.000000000000000          0.010         -0.008          0.059              0
252865130.000000000000000          0.009          0.008          0.031              0
252865250.000000000000000          0.001          0.006          0.034              0
252865370.000000000000000          0.005          0.006          0.041              0
252865490.000000000000000          0.005          0.002          0.048              0
252865610.000000000000000          0.008          0.006          0.023              0
252865730.000000000000000          0.003          0.002          0.039              0
252865850.000000000000000          0.000          0.003          0.045              0
252865970.000000000000000         -0.003         -0.008          0.060              1
252866090.000000000000000          0.004         -0.000          0.048              0
252866210.000000000000000         -0.013         -0.006          0.049              0
252866330.000000000000000          0.002          0.003          0.066              1
252866450.000000000000000          0.011          0.043          0.086              1
252866570.000000000000000          0.003          0.014          0.059              0
252866690.000000000000000         -0.001         -0.012          0.063              1
252866810.000000000000000         -0.008         -0.006          0.059              0
252866930.000000000000000         -0.007         -0.018          0.058              0
252867050.000000000000000          0.000          0.007          0.044              0
252867170.000000000000000         -0.009         -0.020          0.060              1
252867290.000000000000000         -0.003         -0.010          0.044              0
252867410.000000000000000         -0.007         -0.020          0.050              0
252867530.000000000000000         -0.001         -0.019          0.042              0
252867650.000000000000000         -0.002         -0.017          0.018              0
252867770.000000000000000         -0.003         -0.012          0.043              0
252867890.000000000000000         -0.007         -0.024          0.059              0
252868010.000000000000000         -0.011         -0.022          0.048              0
252868130.000000000000000         -0.011         -0.027          0.058              0
252868250.000000000000000         -0.010         -0.031          0.057              0
252868370.000000000000000         -0.006         -0.030          0.088              1
252868490.000000000000000         -0.010         -0.040          0.088              1
252868610.000000000000000         -0.007         -0.035          0.047              0
252868730.000000000000000         -0.004         -0.038          0.060              1
252868850.000000000000000         -0.011         -0.048          0.027              0
252868970.000000000000000          0.005         -0.021          0.063              1
252869090.000000000000000         -0.007         -0.038          0.049              0
252869210.000000000000000         -0.009         -0.045          0.053              0
252869330.000000000000000         -0.009         -0.044          0.067              1
252869450.000000000000000         -0.006         -0.044          0.042              0
252869570.000000000000000          0.015         -0.003          0.039              0
252869690.000000000000000          0.025         -0.009          0.050              0
252869810.000000000000000          0.011         -0.022          0.045              0
252869930.000000000000000          0.033          0.023          0.043              0
252870050.000000000000000          0.005         -0.036          0.043              0
252870170.000000000000000          0.004         -0.023          0.038              0
252870290.000000000000000          0.014         -0.013          0.038              0
252870410.000000000000000          0.006         -0.024          0.031              0
252870530.000000000000000          0.007         -0.033          0.051              0
252870650.000000000000000          0.002         -0.023          0.034              0
252870770.000000000000000          0.008         -0.016          0.031              0
252870890.000000000000000          0.001         -0.021          0.036              0
252871010.000000000000000          0.002         -0.026          0.026              0
252871130.000000000000000          0.002         -0.033          0.036              0
252871250.000000000000000          0.013         -0.018         -0.003              0
252871370.000000000000000         -0.001         -0.022          0.003              0
252871490.000000000000000          0.004         -0.012          0.008              0
252871610.000000000000000          0.045         -0.008         -0.047              0
252871730.000000000000000         -0.011         -0.013          0.035              0
252871850.000000000000000         -0.016         -0.009          0.026              0
252871970.000000000000000         -0.012         -0.022          0.025              0
252872090.000000000000000         -0.003         -0.017          0.027              0
252872210.000000000000000         -0.004         -0.020          0.030              0
252872330.000000000000000         -0.008         -0.025          0.025              0
252872450.000000000000000          0.003         -0.033          0.035              0
252872570.000000000000000          0.015         -0.024          0.027              0
252872690.000000000000000          0.003         -0.024          0.024              0
252872810.000000000000000          0.008          0.005          0.019              0
252872930.000000000000000          0.008         -0.009          0.019              0
252873050.000000000000000          0.007         -0.019          0.026              0
252873170.000000000000000          0.014         -0.010          0.014              0
252873290.000000000000000          0.013         -0.013         -0.000              0
252873410.000000000000000          0.015         -0.012          0.014              0
252873530.000000000000000          0.017         -0.008          0.003              0
252873650.000000000000000          0.017         -0.016          0.009              0
252873770.000000000000000          0.014         -0.009          0.062              1
252873890.000000000000000          0.013         -0.011          0.050              0
252874010.000000000000000          0.006         -0.016          0.028              0
252874130.000000000000000          0.015         -0.009          0.035              0
252874250.000000000000000          0.014         -0.014          0.039              0
252874370.000000000000000          0.029         -0.016          0.056              0
252874490.000000000000000          0.024         -0.008          0.045              0
252874610.000000000000000          0.016         -0.013          0.040              0
252874730.000000000000000          0.008         -0.025          0.026              0
252874850.000000000000000          0.012         -0.022          0.028              0
252874970.000000000000000          0.022         -0.007          0.047              0
252875090.000000000000000          0.014         -0.008          0.045              0
252875210.000000000000000          0.015         -0.022          0.034              0
252875330.000000000000000          0.008         -0.019          0.041              0
252875450.000000000000000          0.019         -0.007          0.037              0
252875570.000000000000000         -0.002         -0.024          0.034              0
252875690.000000000000000          0.016         -0.015          0.031              0
252875810.000000000000000          0.008         -0.025          0.045              0
252875930.000000000000000          0.004         -0.022          0.051              0
252876050.000000000000000          0.005         -0.013          0.041              0
252876170.000000000000000          0.009         -0.011          0.047              0
252876290.000000000000000          0.018         -0.010          0.033              0
252876410.000000000000000          0.017         -0.009          0.003              0
252876530.000000000000000          0.011         -0.006          0.016              0
252876650.000000000000000          0.005          0.004          0.001              0
252876770.000000000000000          0.005         -0.003         -0.012              0
252876890.000000000000000          0.003         -0.001          0.004              0
252877010.000000000000000          0.001          0.003          0.012              0
252877130.000000000000000          0.011          0.009          0.027              0
252877250.000000000000000          0.004          0.001          0.005              0
252877370.000000000000000         -0.003         -0.004          0.012              0
252877490.000000000000000          0.014          0.004          0.028              0
252877610.000000000000000          0.011          0.006          0.033              0
252877730.000000000000000          0.008          0.000          0.052              0
252877850.000000000000000          0.009          0.000          0.032              0
252877970.000000000000000          0.003         -0.004          0.035              0
252878090.000000000000000          0.001         -0.007          0.041              0
252878210.000000000000000         -0.024         -0.026          0.026              0
252878330.000000000000000          0.005         -0.016          0.046              0
252878450.000000000000000          0.014          0.008          0.039              0
252878570.000000000000000          0.004          0.002          0.045              0
252878690.000000000000000          0.019          0.012          0.042              0
252878810.000000000000000          0.009          0.004          0.052              0
252878930.000000000000000          0.018          0.004          0.036              0
252879050.000000000000000          0.011          0.009          0.046              0
252879170.000000000000000          0.009          0.014          0.006              0
252879290.000000000000000          0.013          0.011          0.016              0
252879410.000000000000000          0.010          0.012         -0.004              0
252879530.000000000000000          0.014          0.009          0.001              0
252879650.000000000000000          0.005          0.007          0.005              0
252879770.000000000000000          0.005          0.013          0.028              0
252879890.000000000000000          0.013          0.008          0.017              0
252880010.000000000000000          0.002          0.006          0.015              0
252880130.000000000000000          0.007          0.007          0.024              0
252880250.000000000000000         -0.012         -0.005          0.015              0
252880370.000000000000000          0.002         -0.001          0.021              0
252880490.000000000000000          0.008         -0.005          0.032              0
252880610.000000000000000          0.016         -0.004          0.032              0
252880730.000000000000000         -0.005         -0.013          0.031              0
252880850.000000000000000         -0.001         -0.010          0.033              0
252880970.000000000000000          0.005         -0.005          0.032              0
252881090.000000000000000          0.004         -0.000          0.028              0
252881210.000000000000000         -0.009         -0.006          0.045              0
252881330.000000000000000          0.013         -0.000          0.025              0
252881450.000000000000000          0.006         -0.012          0.024              0
252881570.000000000000000          0.002         -0.006          0.030              0
252881690.000000000000000          0.004          0.002          0.033              0
252881810.000000000000000          0.008          0.003          0.017              0
252881930.000000000000000          0.013          0.010          0.004              0
252882050.000000000000000          0.008          0.012          0.019              0
252882170.000000000000000          0.010          0.008          0.026              0
252882290.000000000000000          0.012          0.006         -0.002              0
252882410.000000000000000          0.007          0.004          0.001              0
252882530.000000000000000         -0.000          0.011         -0.003              0
252882650.000000000000000          0.012          0.009          0.037              0
252882770.000000000000000          0.015          0.005          0.035              0
252882890.000000000000000          0.005          0.002          0.028              0
252883010.000000000000000          0.005          0.005          0.012              0
252883130.000000000000000         -0.012         -0.002          0.005              0
252883250.000000000000000         -0.015          0.002          0.007              0
252883370.000000000000000         -0.021         -0.006          0.009              0
252883490.000000000000000         -0.013          0.017          0.010              0
252883610.000000000000000         -0.014         -0.000          0.015              0
252883730.000000000000000          0.002          0.006          0.014              0
252883850.000000000000000          0.005         -0.002          0.000              0
252883970.000000000000000         -0.071         -0.015          0.012              1
252884090.000000000000000         -0.013          0.006          0.001              0
252884210.000000000000000         -0.010          0.004          0.011              0
252884330.000000000000000         -0.017         -0.001          0.011              0
252884450.000000000000000         -0.021          0.003          0.010              0
252884570.000000000000000         -0.013          0.006          0.005              0
252884690.000000000000000         -0.002          0.003          0.007              0
252884810.000000000000000         -0.004          0.004         -0.010              0
252884930.000000000000000         -0.003          0.006         -0.012              0
252885050.000000000000000         -0.001          0.012         -0.017              0
252885170.000000000000000         -0.001          0.010          0.002              0
252885290.000000000000000         -0.004          0.007          0.003              0
252885410.000000000000000         -0.006          0.016          0.009              0
252885530.000000000000000         -0.008          0.012          0.019              0
252885650.000000000000000         -0.012          0.014          0.009              0
252885770.000000000000000         -0.005          0.013          0.008              0
252885890.000000000000000         -0.005          0.003          0.018              0
252886010.000000000000000         -0.002          0.000          0.022              0
252886130.000000000000000          0.001         -0.010          0.030              0
252886250.000000000000000          0.002         -0.001          0.020              0
252886370.000000000000000         -0.019         -0.008          0.017              0
252886490.000000000000000          0.008         -0.009          0.026              0
252886610.000000000000000         -0.008         -0.002          0.025              0
252886730.000000000000000         -0.002         -0.008          0.019              0
252886850.000000000000000          0.017         -0.002          0.023              0
252886970.000000000000000          0.002         -0.007          0.024              0
252887090.000000000000000          0.011          0.000          0.027              0
252887210.000000000000000         -0.012         -0.005          0.027              0
252887330.000000000000000         -0.005         -0.015          0.017              0
252887450.000000000000000         -0.002          0.001          0.024              0
252887570.000000000000000          0.010          0.001          0.021              0
252887690.000000000000000          0.001         -0.004          0.022              0
252887810.000000000000000          0.008         -0.000          0.022              0
252887930.000000000000000          0.004         -0.003          0.033              0
252888050.000000000000000          0.001          0.002          0.054              0
252888170.000000000000000          0.012         -0.005          0.042              0
252888290.000000000000000          0.012         -0.002          0.042              0
252888410.000000000000000          0.003          0.007          0.011              0
252888530.000000000000000          0.009          0.003          0.016              0
252888650.000000000000000         -0.005         -0.006         -0.011              0
252888770.000000000000000          0.037         -0.006          0.005              0
252888890.000000000000000         -0.007          0.001          0.029              0
252889010.000000000000000         -0.001         -0.003          0.034              0
252889130.000000000000000          0.015         -0.005          0.039              0
252889250.000000000000000         -0.001          0.004          0.040              0
252889370.000000000000000          0.007          0.002          0.037              0
252889490.000000000000000         -0.012         -0.002          0.041              0
252889610.000000000000000         -0.000         -0.002          0.036              0
252889730.000000000000000          0.005         -0.001          0.036              0
252889850.000000000000000         -0.012         -0.000          0.024              0
252889970.000000000000000         -0.002          0.005          0.016              0
252890090.000000000000000         -0.008         -0.002          0.024              0
252890210.000000000000000         -0.005         -0.002          0.022              0
252890330.000000000000000         -0.009         -0.002          0.008              0
252890450.000000000000000         -0.001          0.000          0.018              0
252890570.000000000000000         -0.006         -0.001          0.020              0
252890690.000000000000000         -0.017         -0.006          0.012              0
252890810.000000000000000         -0.015         -0.004          0.044              0
252890930.000000000000000         -0.010         -0.008         -0.004              0
252891050.000000000000000         -0.009         -0.004          0.026              0
252891170.000000000000000         -0.012         -0.000          0.012              0
252891290.000000000000000         -0.017          0.003          0.001              0
252891410.000000000000000         -0.031         -0.003          0.001              0
252891530.000000000000000         -0.022          0.007          0.020              0
252891650.000000000000000         -0.028         -0.013          0.023              0
252891770.000000000000000         -0.032          0.000          0.021              0
252891890.000000000000000         -0.032         -0.006          0.025              0
252892010.000000000000000         -0.025         -0.014          0.031              0
252892130.000000000000000         -0.010         -0.012          0.024              0
252892250.000000000000000         -0.019          0.008          0.017              0
252892370.000000000000000         -0.035         -0.005          0.023              0
252892490.000000000000000         -0.018         -0.010          0.016              0
252892610.000000000000000         -0.041         -0.005          0.023              0
252892730.000000000000000         -0.033          0.001          0.027              0
252892850.000000000000000         -0.009         -0.008          0.024              0
252892970.000000000000000         -0.016         -0.009          0.010              0
252893090.000000000000000         -0.006         -0.004          0.017              0
252893210.000000000000000         -0.015         -0.006          0.011              0
252893330.000000000000000         -0.004         -0.006          0.005              0
252893450.000000000000000          0.002         -0.009          0.013              0
252893570.000000000000000          0.011         -0.006          0.002              0
252893690.000000000000000          0.004         -0.003          0.022              0
252893810.000000000000000          0.004         -0.002          0.005              0
252893930.000000000000000          0.011         -0.000          0.016              0
252894050.000000000000000          0.000          0.001          0.016              0
252894170.000000000000000         -0.003          0.004          0.003              0
252894290.000000000000000         -0.005          0.001          0.006              0
252894410.000000000000000          0.008         -0.005          0.009              0
252894530.000000000000000         -0.016          0.002         -0.013              0
252894650.000000000000000         -0.020          0.010         -0.021              0
252894770.000000000000000          0.005         -0.015          0.012              0
252894890.000000000000000         -0.004         -0.007          0.005              0
252895010.000000000000000         -0.004         -0.008          0.006              0
252895130.000000000000000         -0.010         -0.001          0.015              0
252895250.000000000000000          0.004         -0.006          0.008              0
252895370.000000000000000         -0.001         -0.011          0.013              0
252895490.000000000000000         -0.002         -0.006          0.015              0
252895610.000000000000000         -0.018         -0.001          0.015              0
252895730.000000000000000         -0.018         -0.005          0.017              0
252895850.000000000000000         -0.022         -0.003          0.005              0
252895970.000000000000000         -0.014         -0.003         -0.008              0
252896090.000000000000000         -0.013         -0.007         -0.010              0
252896210.000000000000000         -0.012         -0.009         -0.003              0
252896330.000000000000000         -0.020         -0.009          0.013              0
252896450.000000000000000         -0.014         -0.004          0.004              0
252896570.000000000000000         -0.014         -0.009          0.001              0
252896690.000000000000000         -0.015         -0.010         -0.008              0
252896810.000000000000000         -0.015         -0.013         -0.010              0
252896930.000000000000000         -0.024         -0.001         -0.003              0
252897050.000000000000000         -0.011         -0.016         -0.004              0
252897170.000000000000000         -0.025         -0.004         -0.002              0
252897290.000000000000000         -0.018         -0.003          0.003              0
252897410.000000000000000         -0.026          0.006         -0.005              0
252897530.000000000000000         -0.020         -0.008         -0.004              0
252897650.000000000000000         -0.015         -0.015         -0.002              0
252897770.000000000000000         -0.021         -0.023          0.006              0
252897890.000000000000000         -0.013         -0.033          0.004              0
252898010.000000000000000         -0.046         -0.002         -0.004              0
252898130.000000000000000         -0.000         -0.021         -0.006              0
252898250.000000000000000          0.001         -0.024          0.007              0
252898370.000000000000000          0.009         -0.028         -0.009              0
252898490.000000000000000          0.004         -0.002          0.007              0
252898610.000000000000000         -0.000         -0.001          0.001              0
252898730.000000000000000          0.001         -0.004          0.011              0
252898850.000000000000000          0.000         -0.007          0.012              0
252898970.000000000000000         -0.004         -0.005          0.001              0
252899090.000000000000000          0.003         -0.006         -0.031              0
252899210.000000000000000          0.011         -0.006          0.006              0
252899330.000000000000000          0.010         -0.004         -0.016              0
252899450.000000000000000          0.004         -0.007          0.008              0
252899570.000000000000000         -0.003         -0.006          0.011              0
252899690.000000000000000         -0.003         -0.008         -0.014              0
252899810.000000000000000         -0.001         -0.003         -0.006              0
252899930.000000000000000         -0.004          0.004         -0.025              0
252900050.000000000000000         -0.007         -0.006         -0.009              0
252900170.000000000000000         -0.004         -0.019         -0.011              0
252900290.000000000000000         -0.001         -0.013         -0.001              0
252900410.000000000000000         -0.006         -0.015         -0.013              0
252900530.000000000000000         -0.005         -0.013         -0.017              0
252900650.000000000000000         -0.009         -0.020         -0.020              0
252900770.000000000000000          0.001         -0.022         -0.021              0
252900890.000000000000000         -0.003         -0.019         -0.021              0
252901010.000000000000000          0.005         -0.022         -0.021              0
252901130.000000000000000         -0.003         -0.021         -0.020              0
252901250.000000000000000         -0.013         -0.011         -0.013              0
252901370.000000000000000         -0.006         -0.019         -0.026              0
252901490.000000000000000         -0.012         -0.014         -0.028              0
252901610.000000000000000         -0.007         -0.017         -0.032              0
252901730.000000000000000         -0.011         -0.021         -0.029              0
252901850.000000000000000         -0.015         -0.011         -0.007              0
252901970.000000000000000         -0.010         -0.016         -0.002              0
252902090.000000000000000         -0.005         -0.018          0.000              0
252902210.000000000000000         -0.008         -0.016         -0.018              0
252902330.000000000000000         -0.014         -0.018         -0.016              0
252902450.000000000000000         -0.014         -0.021          0.000              0
252902570.000000000000000         -0.011         -0.016          0.006              0
252902690.000000000000000         -0.012         -0.029         -0.004              0
252902810.000000000000000         -0.005         -0.018         -0.013              0
252902930.000000000000000         -0.016         -0.014          0.006              0
252903050.000000000000000         -0.019         -0.012          0.013              0
252903170.000000000000000         -0.003         -0.053          0.013              0
252903290.000000000000000         -0.009         -0.035          0.010              0
252903410.000000000000000         -0.013         -0.020          0.010              0
252903530.000000000000000         -0.011         -0.041          0.010              0
252903650.000000000000000         -0.012         -0.029          0.018              0
252903770.000000000000000         -0.015         -0.009          0.011              0
252903890.000000000000000         -0.018          0.023          0.015              0
252904010.000000000000000         -0.015         -0.003          0.014              0
252904130.000000000000000         -0.013         -0.004          0.020              0
252904250.000000000000000         -0.008         -0.013         -0.000              0
252904370.000000000000000         -0.015          0.041          0.012              0
252904490.000000000000000         -0.007         -0.003          0.009              0
252904610.000000000000000         -0.010          0.000          0.021              0
252904730.000000000000000         -0.007         -0.002          0.026              0
252904850.000000000000000         -0.007         -0.004          0.020              0
252904970.000000000000000         -0.009         -0.002          0.071              1
252905090.000000000000000          0.004          0.004          0.033              0
252905210.000000000000000         -0.000          0.002          0.017              0
252905330.000000000000000          0.011         -0.014          0.026              0
252905450.000000000000000         -0.004          0.002          0.021              0
252905570.000000000000000          0.001         -0.013          0.021              0
252905690.000000000000000         -0.008         -0.002          0.020              0
252905810.000000000000000         -0.006         -0.005          0.023              0
252905930.000000000000000         -0.001         -0.018          0.020              0
252906050.000000000000000          0.004         -0.026          0.023              0
252906170.000000000000000          0.001         -0.016          0.015              0
252906290.000000000000000         -0.005         -0.019          0.017              0
252906410.000000000000000         -0.007         -0.022          0.015              0
252906530.000000000000000         -0.004         -0.028          0.009              0
252906650.000000000000000         -0.011         -0.022          0.009              0
252906770.000000000000000         -0.008         -0.007          0.019              0
252906890.000000000000000         -0.003         -0.018          0.020              0
252907010.000000000000000         -0.005         -0.019          0.012              0
252907130.000000000000000         -0.007         -0.015          0.024              0
252907250.000000000000000         -0.008         -0.020          0.020              0
252907370.000000000000000         -0.020         -0.032          0.005              0
252907490.000000000000000         -0.009         -0.020          0.028              0
252907610.000000000000000         -0.006         -0.018          0.033              0
252907730.000000000000000         -0.005         -0.011          0.047              0
252907850.000000000000000         -0.001         -0.015          0.016              0
252907970.000000000000000         -0.011         -0.004          0.009              0
252908090.000000000000000         -0.009         -0.013          0.044              0
252908210.000000000000000         -0.013         -0.021          0.031              0
252908330.000000000000000         -0.007         -0.005          0.032              0
252908450.000000000000000         -0.010         -0.012          0.021              0
252908570.000000000000000         -0.009         -0.023          0.027              0
252908690.000000000000000         -0.013         -0.005          0.017              0
252908810.000000000000000         -0.013         -0.021          0.029              0
252908930.000000000000000         -0.002          0.004          0.021              0
252909050.000000000000000         -0.020          0.012          0.010              0
252909170.000000000000000         -0.010          0.007          0.017              0
252909290.000000000000000         -0.006          0.026          0.023              0
252909410.000000000000000         -0.012          0.014          0.020              0
252909530.000000000000000          0.008         -0.037         -0.030              0
252909650.000000000000000         -0.019          0.028          0.029              0
252909770.000000000000000         -0.004         -0.011          0.003              0
252909890.000000000000000         -0.007         -0.012          0.006              0
252910010.000000000000000         -0.004         -0.019          0.006              0
252910130.000000000000000         -0.001         -0.016         -0.002              0
252910250.000000000000000          0.000         -0.013         -0.003              0
252910370.000000000000000         -0.001         -0.018          0.012              0
252910490.000000000000000          0.003         -0.012         -0.021              0
252910610.000000000000000          0.000         -0.027         -0.002              0
252910730.000000000000000          0.003         -0.012          0.007              0
252910850.000000000000000          0.000         -0.029          0.076              1
252910970.000000000000000          0.009         -0.014          0.005              0
252911090.000000000000000          0.015         -0.002         -0.019              0
252911210.000000000000000          0.006         -0.022          0.023              0
252911330.000000000000000          0.003         -0.008          0.011              0
252911450.000000000000000          0.004         -0.012         -0.002              0
252911570.000000000000000          0.001         -0.028          0.017              0
252911690.000000000000000          0.007         -0.007          0.020              0
252911810.000000000000000          0.001         -0.030          0.016              0
252911930.000000000000000          0.004         -0.021          0.014              0
252912050.000000000000000          0.004         -0.008          0.022              0
252912170.000000000000000          0.004         -0.014          0.021              0
252912290.000000000000000          0.006         -0.025          0.013              0
252912410.000000000000000          0.003         -0.014          0.016              0
252912530.000000000000000          0.005         -0.010          0.018              0
252912650.000000000000000          0.008         -0.000          0.026              0
252912770.000000000000000          0.008         -0.025          0.013              0
252912890.000000000000000          0.002          0.001         -0.014              0
252913010.000000000000000          0.003         -0.004         -0.012              0
252913130.000000000000000         -0.004         -0.013         -0.048              0
252913250.000000000000000         -0.000          0.004         -0.020              0
252913370.000000000000000          0.001          0.001         -0.044              0
252913490.000000000000000          0.003          0.001         -0.005              0
252913610.000000000000000          0.008          0.010          0.001              0
252913730.000000000000000          0.009          0.008          0.026              0
252913850.000000000000000         -0.000          0.011          0.009              0
252913970.000000000000000          0.017          0.009          0.032              0
252914090.000000000000000          0.017          0.013          0.039              0
252914210.000000000000000          0.005          0.015          0.013              0
252914330.000000000000000         -0.010         -0.003          0.022              0
252914450.000000000000000         -0.020         -0.005          0.021              0
252914570.000000000000000         -0.003          0.009          0.026              0
252914690.000000000000000         -0.010          0.015          0.017              0
252914810.000000000000000          0.011          0.043          0.016              0
252914930.000000000000000         -0.006          0.022          0.010              0
252915050.000000000000000         -0.002          0.004          0.011              0
252915170.000000000000000          0.019          0.060          0.024              1
252915290.000000000000000          0.009          0.044          0.015              0
252915410.000000000000000         -0.012          0.002         -0.007              0
252915530.000000000000000         -0.005          0.014          0.000              0
252915650.000000000000000         -0.004          0.014         -0.004              0
252915770.000000000000000         -0.007          0.012          0.007              0
252915890.000000000000000         -0.003          0.033          0.001              0
252916010.000000000000000         -0.004          0.011          0.006              0
252916130.000000000000000         -0.004          0.016          0.020              0
252916250.000000000000000         -0.003          0.007         -0.006              0
252916370.000000000000000         -0.007          0.013          0.029              0
252916490.000000000000000         -0.002          0.011          0.030              0
252916610.000000000000000         -0.001          0.014          0.111              1
252916730.000000000000000         -0.007         -0.004          0.018              0
252916850.000000000000000         -0.008          0.008          0.025              0
252916970.000000000000000         -0.005          0.014          0.024              0
252917090.000000000000000         -0.024         -0.002          0.029              0
252917210.000000000000000         -0.010          0.006          0.031              0
252917330.000000000000000         -0.004          0.014          0.031              0
252917450.000000000000000          0.013          0.018          0.025              0
252917570.000000000000000         -0.023          0.002          0.038              0
252917690.000000000000000         -0.003          0.026          0.029              0
252917810.000000000000000          0.007          0.032          0.046              0
252917930.000000000000000         -0.013         -0.003          0.013              0
252918050.000000000000000         -0.019         -0.016          0.022              0
252918170.000000000000000         -0.017         -0.017          0.014              0
252918290.000000000000000         -0.012         -0.012          0.015              0
252918410.000000000000000         -0.009         -0.004          0.012              0
252918530.000000000000000         -0.003         -0.008          0.022              0
252918650.000000000000000         -0.006         -0.008          0.013              0
252918770.000000000000000          0.001          0.010          0.047              0
252918890.000000000000000         -0.006         -0.001          0.020              0
252919010.000000000000000          0.003          0.002         -0.003              0
252919130.000000000000000         -0.004          0.001          0.019              0
252919250.000000000000000         -0.001          0.001         -0.001              0
252919370.000000000000000         -0.005         -0.005          0.004              0
252919490.000000000000000         -0.006          0.011          0.016              0
252919610.000000000000000         -0.002         -0.011          0.022              0
252919730.000000000000000          0.003         -0.002         -0.003              0
252919850.000000000000000         -0.017         -0.015          0.023              0
252919970.000000000000000         -0.011         -0.019          0.020              0
252920090.000000000000000         -0.003          0.006          0.009              0
252920210.000000000000000          0.006          0.012          0.009              0
252920330.000000000000000         -0.001          0.007          0.013              0
252920450.000000000000000         -0.017         -0.006          0.015              0
252920570.000000000000000         -0.012          0.005          0.001              0
252920690.000000000000000         -0.022          0.007          0.003              0
252920810.000000000000000         -0.037          0.013          0.003              0
252920930.000000000000000         -0.008          0.008          0.008              0
252921050.000000000000000         -0.019          0.009         -0.002              0
252921170.000000000000000         -0.014          0.004          0.001              0
252921290.000000000000000         -0.022          0.004          0.004              0
252921410.000000000000000         -0.011          0.020          0.020              0
252921530.000000000000000         -0.008          0.013          0.028              0
252921650.000000000000000         -0.012          0.006          0.005              0
252921770.000000000000000         -0.011          0.006          0.022              0
252921890.000000000000000         -0.011          0.006          0.060              0
252922010.000000000000000         -0.010          0.001         -0.008              0
252922130.000000000000000         -0.013          0.000          0.033              0
252922250.000000000000000         -0.017          0.001          0.035              0
252922370.000000000000000         -0.015         -0.009          0.039              0
252922490.000000000000000         -0.005          0.001          0.022              0
252922610.000000000000000         -0.008         -0.007          0.029              0
252922730.000000000000000         -0.015         -0.009          0.032              0
252922850.000000000000000         -0.011         -0.010          0.034              0
252922970.000000000000000         -0.006         -0.012          0.033              0
252923090.000000000000000         -0.016         -0.015          0.039              0
252923210.000000000000000          0.004         -0.006          0.037              0
252923330.000000000000000         -0.020         -0.015          0.031              0
252923450.000000000000000         -0.008         -0.010          0.031              0
252923570.000000000000000         -0.041         -0.038          0.016              0
252923690.000000000000000         -0.005         -0.019          0.028              0
252923810.000000000000000         -0.026         -0.025          0.027              0
252923930.000000000000000         -0.011         -0.018          0.025              0
252924050.000000000000000         -0.015         -0.020          0.026              0
252924170.000000000000000         -0.010         -0.019          0.021              0
252924290.000000000000000         -0.008         -0.023         -0.004              0
252924410.000000000000000         -0.013         -0.021          0.031              0
252924530.000000000000000         -0.001         -0.011          0.026              0
252924650.000000000000000         -0.007         -0.020          0.020              0
252924770.000000000000000         -0.003         -0.012          0.045              0
252924890.000000000000000         -0.004         -0.022          0.021              0
252925010.000000000000000         -0.006         -0.010          0.008              0
252925130.000000000000000         -0.002         -0.012          0.009              0
252925250.000000000000000         -0.042         -0.030          0.015              0
252925370.000000000000000         -0.039         -0.023          0.023              0
252925490.000000000000000         -0.010         -0.008          0.007              0
252925610.000000000000000         -0.002         -0.017          0.015              0
252925730.000000000000000         -0.015         -0.016          0.016              0
252925850.000000000000000          0.000          0.000          0.011              0
252925970.000000000000000          0.007         -0.005          0.011              0
252926090.000000000000000         -0.000         -0.004          0.006              0
252926210.000000000000000         -0.014          0.001          0.004              0
252926330.000000000000000         -0.002          0.004          0.008              0
252926450.000000000000000         -0.003          0.000          0.015              0
252926570.000000000000000         -0.015         -0.001         -0.006              0
252926690.000000000000000         -0.010          0.001         -0.004              0
252926810.000000000000000         -0.019          0.002         -0.015              0
252926930.000000000000000         -0.017          0.000         -0.010              0
252927050.000000000000000         -0.017         -0.002         -0.002              0
252927170.000000000000000         -0.016         -0.008         -0.001              0
252927290.000000000000000         -0.021         -0.007         -0.014              0
252927410.000000000000000         -0.024         -0.006          0.003              0
252927530.000000000000000         -0.022         -0.009         -0.011              0
252927650.000000000000000         -0.024         -0.002          0.034              0
252927770.000000000000000         -0.018         -0.018          0.006              0
252927890.000000000000000         -0.027         -0.023          0.027              0
252928010.000000000000000         -0.020         -0.020          0.004              0
252928130.000000000000000          0.010         -0.009          0.001              0
252928250.000000000000000         -0.003         -0.018          0.007              0
252928370.000000000000000         -0.020         -0.015          0.026              0
252928490.000000000000000         -0.004         -0.012          0.015              0
252928610.000000000000000         -0.033         -0.017          0.035              0
252928730.000000000000000         -0.002         -0.010          0.009              0
252928850.000000000000000         -0.040         -0.025          0.019              0
252928970.000000000000000          0.011         -0.006          0.016              0
252929090.000000000000000         -0.010         -0.013          0.007              0
252929210.000000000000000         -0.018         -0.010          0.005              0
252929330.000000000000000          0.007         -0.002          0.020              0
252929450.000000000000000          0.005          0.002          0.013              0
252929570.000000000000000          0.008          0.005          0.008              0
252929690.000000000000000          0.010         -0.002          0.008              0
252929810.000000000000000         -0.003          0.002          0.003              0
252929930.000000000000000          0.010         -0.003          0.006              0
252930050.000000000000000          0.011          0.008          0.020              0
252930170.000000000000000          0.006         -0.002          0.007              0
252930290.000000000000000          0.012         -0.001         -0.008              0
252930410.000000000000000          0.009         -0.003          0.004              0
252930530.000000000000000          0.013         -0.009          0.010              0
252930650.000000000000000          0.012         -0.010         -0.007              0
252930770.000000000000000          0.007         -0.003          0.004              0
252930890.000000000000000          0.002         -0.003          0.002              0
252931010.000000000000000          0.002         -0.009          0.007              0
252931130.000000000000000          0.007         -0.007          0.005              0
252931250.000000000000000          0.037         -0.019         -0.012              0
252931370.000000000000000          0.001         -0.002          0.017              0
252931490.000000000000000          0.003         -0.013          0.019              0
252931610.000000000000000          0.000         -0.007          0.016              0
252931730.000000000000000         -0.001         -0.009          0.005              0
252931850.000000000000000          0.001         -0.004          0.006              0
252931970.000000000000000          0.003         -0.008          0.006              0
252932090.000000000000000          0.018         -0.014          0.006              0
252932210.000000000000000          0.028         -0.015          0.019              0
252932330.000000000000000          0.020         -0.010          0.007              0
252932450.000000000000000          0.007         -0.005         -0.001              0
252932570.000000000000000          0.025         -0.007          0.033              0
252932690.000000000000000          0.018         -0.001         -0.017              0
252932810.000000000000000          0.019         -0.008          0.006              0
252932930.000000000000000          0.019         -0.009         -0.026              0
252933050.000000000000000          0.013         -0.015          0.011              0
252933170.000000000000000          0.010         -0.007          0.001              0
252933290.000000000000000          0.007         -0.011         -0.007              0
252933410.000000000000000          0.008         -0.008         -0.045              0
252933530.000000000000000         -0.010         -0.002          0.110              1
252933650.000000000000000         -0.003         -0.017          0.031              0
