 1.000000000000000
 0.037878787878788
-0.997130394857668
-0.113418969307399
 0.988538048698016
 0.188308215420885
-0.974272274802495
-0.262116721087741
 0.954414947447363
 0.334420883773147
-0.929080032010003
-0.404805734682995
 0.898412930897655
 0.472867320357060
-0.862589649052423
-0.538215021042850
 0.821815783821905
 0.600473792544509
-0.776325344992775
-0.659286318680325
 0.726379411759417
 0.714315061995433
-0.672264634335521
-0.765244200960245
 0.614291588808230
 0.811781442536626
-0.552792994676667
-0.853659699709100
 0.488121805304766
 0.890638624353401
-0.420649182247690
-0.922505986644893
 0.350762365077622

-5657683.753258136101067  2808378.381538034416735 -2675059.522971775382757

